1000
3490
1 751 10
838 839 6
436 679 3
35 335 8
785 833 3
212 971 5
536 537 4
298 745 4
246 555 10
647 899 1
8 9 10
40 41 10
58 504 6
144 278 1
154 966 4
591 967 7
871 872 1
589 894 5
343 344 9
52 689 1
569 570 4
0 499 5
888 961 5
487 617 4
401 843 8
41 42 6
263 909 1
299 566 6
73 74 5
698 837 4
700 910 7
247 376 1
872 873 5
904 905 7
109 442 4
197 289 2
207 977 8
205 904 5
293 751 7
376 377 4
642 905 4
7 165 9
53 510 8
17 853 10
504 971 5
540 628 2
74 75 10
139 284 7
941 972 6
106 107 8
316 920 6
905 906 4
751 848 9
350 504 4
937 938 9
883 967 4
162 453 7
409 410 6
258 915 7
695 916 8
693 843 3
60 176 6
107 108 3
557 982 6
156 638 5
104 448 9
505 792 4
938 939 4
804 859 9
403 515 3
2 171 5
499 977 7
442 443 2
213 391 2
311 926 3
140 141 4
746 854 3
345 510 8
121 802 8
157 459 7
971 972 5
556 730 1
443 444 10
19 525 5
55 182 6
475 476 6
368 679 7
115 987 8
63 797 10
456 526 2
552 988 7
151 644 4
266 402 6
173 174 7
362 864 6
398 521 1
799 865 9
174 813 10
260 587 4
476 477 6
208 397 10
609 741 4
72 536 4
20 346 5
168 998 10
106 120 3
116 808 1
206 207 4
603 926 1
551 736 5
415 875 8
14 531 10
363 685 1
449 459 1
509 510 2
225 751 6
261 408 7
662 752 8
660 679 3
357 870 7
207 208 8
239 240 4
472 628 3
71 284 1
169 819 2
604 747 7
31 885 3
542 543 1
466 813 10
414 623 10
101 126 7
278 762 8
226 572 6
240 241 5
364 536 10
312 346 7
410 881 10
124 295 8
220 757 3
657 758 4
575 576 5
32 706 6
82 823 8
118 480 4
66 290 9
467 634 4
519 824 10
273 274 3
868 978 2
329 700 6
26 891 6
461 819 9
810 973 7
175 233 4
273 768 1
608 609 6
135 834 1
83 644 2
306 307 6
119 301 3
484 988 8
570 762 4
518 572 10
911 912 5
382 711 9
330 521 5
426 983 5
609 610 3
863 984 3
641 642 7
228 244 2
238 932 2
324 706 1
113 114 3
339 340 10
100 998 4
38 120 4
136 655 10
944 945 9
535 926 10
134 582 9
170 239 5
623 773 2
347 875 6
222 429 1
571 583 4
642 643 1
42 993 3
674 675 5
479 994 7
565 768 9
914 922 5
146 147 6
377 717 3
726 871 3
776 988 10
91 131 10
588 937 9
187 593 8
223 250 6
675 676 7
85 316 7
33 126 3
434 470 5
179 180 3
530 932 6
726 727 7
342 881 7
829 999 6
428 655 5
376 465 6
777 809 8
240 604 2
708 709 5
188 414 2
180 181 4
50 480 6
86 137 4
146 942 1
182 599 9
583 943 9
297 357 5
44 665 5
80 322 9
393 819 3
741 742 9
429 476 6
481 666 3
213 214 6
291 542 5
103 491 5
423 661 9
199 953 1
235 610 1
636 954 7
634 881 2
774 775 9
9 829 8
97 676 4
45 486 3
532 604 9
446 830 4
246 247 4
482 487 4
344 553 8
292 363 3
388 825 2
154 429 7
200 774 3
252 964 4
250 891 8
286 548 8
807 808 5
635 702 2
687 892 8
62 840 5
98 497 1
279 280 7
497 768 6
194 959 4
309 717 1
6 908 8
629 887 9
395 491 7
4 835 10
441 836 4
928 954 6
155 250 9
303 902 5
251 712 7
339 559 6
688 713 9
738 830 5
312 313 7
740 903 5
113 778 4
149 435 9
550 779 9
10 11 10
682 898 10
448 502 1
47 158 6
57 846 1
544 964 9
492 774 8
313 314 7
356 913 4
304 723 4
345 346 2
791 841 8
390 497 10
166 789 4
43 44 7
202 446 7
601 717 7
298 908 10
413 666 9
12 322 9
110 857 5
160 974 3
346 347 3
108 784 1
545 785 10
378 379 2
894 939 2
925 926 3
407 851 8
355 661 4
76 77 6
219 800 6
167 610 10
654 728 4
907 908 7
253 384 2
786 847 10
65 333 10
379 380 9
13 143 10
63 260 4
161 795 5
510 949 8
598 796 3
596 723 9
958 959 3
648 913 5
408 672 3
7 328 9
707 739 10
306 395 3
412 413 2
402 857 8
116 271 6
214 806 3
991 992 3
649 734 9
248 390 9
463 464 6
24 682 9
60 339 3
860 954 6
459 610 6
445 446 1
271 559 9
18 867 1
802 949 2
169 282 1
748 749 3
265 744 6
213 554 1
614 898 4
77 693 2
913 965 6
75 620 8
111 277 9
478 479 5
512 621 6
322 497 7
19 688 8
506 806 9
454 616 3
781 782 4
855 960 8
230 908 8
266 565 1
511 512 1
128 631 8
164 288 3
260 750 10
26 354 4
72 699 8
375 508 4
814 815 8
471 970 2
70 626 7
507 627 10
908 971 1
283 919 8
369 693 6
544 545 8
317 503 7
718 847 5
865 866 6
181 642 7
129 452 1
16 17 2
179 569 9
215 226 9
847 848 3
27 175 10
87 980 7
25 102 10
123 637 8
426 446 8
472 791 8
238 395 7
524 981 4
577 578 2
558 565 9
334 857 5
370 514 4
771 858 7
49 50 4
769 785 6
232 580 2
180 390 7
581 734 6
364 699 9
140 991 8
78 113 4
88 801 6
575 919 3
50 51 4
387 868 9
82 83 5
473 642 7
82 986 6
421 452 7
285 591 5
233 401 10
329 863 1
764 791 2
141 812 7
83 84 6
191 929 5
227 586 3
115 116 7
576 740 1
628 930 7
3 878 8
39 535 3
662 663 3
438 806 5
37 462 8
73 119 2
135 997 10
570 925 6
644 645 4
284 339 8
382 874 1
965 966 3
116 117 7
96 288 4
244 940 8
192 750 4
679 868 7
695 696 3
627 678 8
491 817 3
90 473 9
167 168 4
38 283 6
126 130 6
439 627 7
623 936 9
998 999 10
337 350 7
149 150 4
433 812 9
245 761 7
728 729 10
295 878 3
331 535 8
279 345 2
680 689 6
200 201 9
732 879 8
143 484 2
91 294 9
239 946 1
182 183 1
674 874 9
51 895 4
49 822 10
85 479 3
486 823 1
761 762 8
835 977 3
200 237 3
485 486 8
348 889 2
296 699 7
332 356 2
783 817 4
194 422 9
215 216 3
142 232 4
543 576 2
6 371 7
4 298 2
50 643 8
102 833 10
451 987 10
537 761 8
518 519 3
485 571 5
349 710 6
297 520 4
748 981 6
435 484 1
248 249 1
159 586 10
195 243 5
57 309 1
67 997 2
551 552 3
103 654 2
153 771 4
189 428 4
538 582 7
590 772 5
1 377 4
801 992 6
281 282 3
400 648 1
212 597 1
298 371 9
584 585 5
743 987 10
110 320 10
58 130 3
206 782 1
154 592 7
555 936 10
591 593 9
641 710 1
314 315 1
16 658 2
52 315 4
861 862 6
401 469 3
453 659 10
263 535 5
359 997 10
395 654 5
796 998 2
171 946 10
207 603 6
606 874 6
205 530 7
293 377 7
694 721 1
69 669 1
17 479 5
418 823 6
504 597 10
366 367 5
113 941 9
316 546 3
11 664 5
348 349 5
448 665 10
847 936 7
310 731 2
258 541 3
659 885 8
34 833 10
122 680 10
399 400 3
557 608 2
156 264 7
166 952 9
601 880 7
381 382 6
64 675 3
702 703 4
413 829 3
900 947 9
499 603 1
275 895 6
311 552 9
432 433 8
710 823 6
522 772 8
121 428 5
219 963 6
217 890 6
654 891 1
735 736 3
19 151 5
29 839 2
516 957 9
115 613 8
63 423 5
151 270 5
464 767 8
328 906 2
465 466 9
276 716 7
552 614 4
953 958 3
326 833 7
362 490 7
763 834 3
895 953 3
174 439 5
768 769 10
270 901 9
707 902 3
705 829 5
72 162 10
132 967 7
70 89 8
750 751 3
498 499 6
116 434 2
168 624 3
517 778 3
569 968 10
379 844 9
415 501 5
14 157 8
816 845 4
511 963 6
801 802 7
225 377 3
323 912 5
758 840 4
783 784 2
185 978 7
133 788 9
169 445 10
620 906 10
255 256 2
568 716 8
432 855 4
31 511 7
380 665 4
834 835 5
127 973 1
278 388 1
374 850 6
811 851 9
88 264 8
288 289 2
186 799 3
673 917 5
184 726 2
220 383 2
835 836 8
621 727 8
867 868 2
32 332 10
18 19 9
82 449 8
615 912 6
427 861 1
26 517 2
141 275 3
868 869 8
237 737 1
273 394 2
900 901 3
135 460 1
598 599 10
83 270 4
484 614 5
179 732 4
43 871 2
478 799 2
901 902 9
426 609 1
827 953 9
290 748 9
238 558 9
288 675 9
324 332 6
100 624 9
136 281 2
103 104 10
535 552 2
134 208 3
232 743 6
719 861 8
347 501 9
667 671 8
934 935 9
94 809 10
85 86 5
42 619 4
443 963 10
479 620 2
880 964 4
341 686 8
473 805 1
136 137 3
187 219 3
285 754 8
967 968 5
118 119 3
59 973 6
439 440 1
95 630 3
147 820 5
496 974 5
582 748 5
530 558 1
394 697 8
342 507 4
169 170 1
89 815 7
438 969 10
204 573 9
873 897 1
151 152 8
336 692 8
685 846 1
472 473 2
112 984 8
50 106 2
148 641 1
198 758 6
146 568 2
547 912 8
202 203 6
10 707 1
445 635 5
44 291 5
54 979 7
393 445 5
491 980 1
257 584 1
577 754 1
505 506 3
301 856 7
788 974 10
103 117 5
163 922 5
487 488 3
235 236 2
199 579 3
600 923 8
686 697 4
498 646 6
9 455 9
45 112 2
97 302 1
107 990 7
446 456 8
538 539 7
542 918 7
5 713 4
354 867 9
404 984 10
440 641 10
789 795 2
520 521 6
841 985 5
216 933 6
252 590 3
651 861 10
250 517 1
463 810 1
62 466 8
98 123 8
571 572 3
783 980 3
158 928 5
595 929 10
309 343 8
457 995 1
56 651 10
4 461 4
405 805 3
892 923 2
25 26 3
704 872 2
303 528 4
572 573 1
251 338 7
652 682 1
604 605 2
836 991 2
113 404 3
211 939 2
302 303 2
646 867 7
21 815 4
57 472 2
458 816 7
544 590 1
605 606 3
356 539 4
304 349 8
335 336 3
166 415 8
264 950 8
262 877 7
940 941 4
298 534 9
699 878 8
74 826 8
110 483 7
638 639 4
160 600 9
108 410 3
509 754 8
321 703 1
407 477 5
16 821 5
219 426 5
167 236 5
973 974 1
217 353 8
263 698 1
315 888 2
750 816 3
671 672 5
125 764 8
161 421 3
510 575 7
562 765 5
23 487 3
69 832 2
372 641 9
504 760 3
270 364 9
316 709 6
704 705 4
803 827 6
402 483 7
176 177 1
178 775 9
214 432 8
613 703 9
76 498 2
24 308 5
34 996 5
122 843 1
172 960 3
120 770 7
425 652 9
557 771 8
737 738 1
323 375 6
419 837 8
18 493 1
209 210 2
367 647 7
768 991 5
231 786 10
229 713 2
265 370 6
666 714 10
191 192 4
41 662 4
77 319 10
476 590 5
75 246 3
770 771 10
173 781 2
522 935 7
608 709 10
242 243 3
35 847 5
420 658 5
819 929 9
224 225 7
282 724 5
230 534 1
631 878 7
771 772 3
326 996 3
803 804 6
529 601 5
128 257 9
138 945 7
275 276 8
224 719 3
661 720 8
36 668 9
523 786 10
471 596 2
70 252 7
872 940 1
247 888 5
283 545 1
804 805 4
335 735 10
836 837 6
30 853 5
276 277 5
814 935 1
181 268 6
308 309 1
179 195 10
277 730 5
626 884 6
6 7 7
488 950 5
87 606 4
123 263 4
524 607 8
837 838 7
925 951 6
735 827 6
309 310 8
334 483 4
341 342 8
430 945 7
867 946 4
242 894 6
39 40 8
677 822 2
541 961 7
870 871 10
140 617 7
88 427 9
489 771 3
342 343 1
387 494 2
483 956 3
82 612 8
920 957 7
72 73 6
677 678 5
381 679 9
903 904 5
329 489 4
730 833 7
105 781 2
141 438 9
193 628 10
375 376 1
191 555 4
3 504 2
39 161 4
89 278 7
37 88 3
99 966 8
135 623 4
536 967 3
710 711 10
346 843 2
382 500 8
833 961 1
408 409 4
244 566 9
192 376 3
593 720 8
54 442 7
90 99 5
100 787 4
743 744 5
152 977 6
587 905 8
535 715 1
301 319 10
347 664 5
441 442 2
399 854 8
886 972 10
397 781 10
433 438 2
209 730 2
245 387 1
295 504 9
828 967 4
107 453 5
203 915 4
239 572 7
588 726 9
640 916 10
474 475 8
15 864 9
51 521 4
101 638 7
49 448 6
450 792 10
777 778 3
348 515 3
296 325 8
256 926 3
507 508 1
204 736 3
691 854 4
639 664 2
66 802 4
102 459 8
451 613 9
503 803 9
810 811 1
198 921 10
313 679 3
10 870 9
508 509 3
445 798 1
540 541 5
159 212 1
257 747 6
12 13 3
307 864 1
255 674 7
744 865 8
119 813 8
67 623 6
843 844 5
554 741 9
153 397 2
366 690 6
541 542 7
686 860 6
1 3 10
573 574 10
61 808 6
498 809 8
13 14 4
45 46 7
212 223 4
360 875 3
844 845 7
308 685 1
876 877 1
795 803 10
84 977 3
607 752 9
206 408 10
154 218 10
574 575 10
555 562 2
46 47 3
16 284 3
114 819 2
78 79 6
463 973 7
549 747 5
898 901 9
877 878 6
909 910 3
361 696 10
760 967 8
359 623 6
607 608 8
572 916 7
171 572 8
207 229 4
79 80 4
69 295 10
17 105 8
79 983 1
910 911 8
418 449 5
165 757 6
942 943 2
514 911 9
414 415 4
376 977 3
640 641 7
412 634 10
11 290 4
813 978 10
188 926 9
112 113 2
310 357 8
755 973 8
943 944 9
34 459 7
122 306 6
975 976 1
120 233 4
130 921 8
166 578 9
218 768 4
567 922 10
447 448 5
653 696 3
673 674 1
429 988 7
28 644 3
64 301 10
413 455 8
465 645 4
145 146 8
864 916 4
676 865 1
275 521 7
976 977 10
371 983 8
808 984 2
173 244 1
183 932 2
480 481 4
219 589 1
269 706 9
217 516 2
618 860 3
482 999 6
81 655 9
178 179 2
29 465 10
917 927 8
516 583 3
115 239 7
328 532 4
276 342 7
326 459 2
23 650 1
424 994 1
861 995 10
859 922 3
138 408 8
234 870 5
270 527 2
671 871 8
211 212 4
46 819 3
132 593 1
168 250 10
569 594 4
514 515 5
740 741 9
379 470 9
76 661 5
475 932 5
511 589 1
212 213 7
912 933 9
244 245 3
287 881 1
323 538 2
722 809 3
185 604 3
133 414 10
534 758 7
547 548 6
229 876 7
432 481 7
31 137 9
41 825 7
245 246 6
528 943 1
127 599 4
277 278 1
476 753 4
338 819 9
374 476 9
775 820 6
150 768 5
580 581 7
186 425 9
585 696 5
184 352 8
282 887 2
278 279 9
717 815 2
310 311 8
144 953 5
92 763 7
529 764 8
581 582 8
391 830 8
427 487 6
613 614 7
26 143 3
523 949 7
201 706 2
237 363 8
311 312 5
335 898 9
638 707 10
333 825 6
770 826 7
197 964 7
145 774 9
632 892 10
580 702 10
614 615 1
646 647 4
7 840 3
43 497 7
392 651 6
444 841 10
442 768 5
139 959 4
344 345 4
254 717 7
290 374 4
288 301 6
386 836 6
735 990 8
100 250 3
647 648 1
248 902 7
196 712 4
679 680 5
633 713 7
60 851 4
8 661 1
495 779 2
377 378 7
94 435 9
42 245 8
443 589 2
844 933 6
982 983 7
2 846 7
680 681 6
712 713 10
249 723 10
736 841 9
184 185 4
410 411 6
460 943 4
59 599 10
95 256 3
147 446 6
496 600 7
243 908 4
548 790 8
55 857 10
713 714 8
490 785 7
89 441 5
839 939 2
302 734 3
300 661 9
112 610 3
148 267 5
198 384 9
146 194 4
746 747 3
10 333 9
106 795 10
54 605 7
444 445 7
455 949 10
353 672 8
301 482 9
702 826 5
779 780 4
163 548 4
199 205 8
295 667 9
251 252 4
477 478 5
71 959 2
9 81 4
107 616 7
508 960 5
594 734 1
542 544 2
318 836 5
5 339 3
354 493 4
406 683 3
404 610 10
101 801 2
812 813 2
216 559 2
284 285 3
348 678 2
124 970 6
62 92 7
210 744 7
14 15 10
158 554 10
559 898 7
22 693 9
845 846 6
457 621 5
56 277 4
4 87 6
66 965 5
405 431 8
317 318 5
267 497 3
313 842 1
15 16 6
800 960 7
748 770 8
47 48 10
175 908 10
211 565 8
846 847 3
560 719 8
612 909 6
878 879 8
610 836 5
318 319 3
73 631 1
21 441 9
350 351 3
57 98 3
119 976 2
422 785 10
554 904 7
320 508 7
48 49 8
366 853 9
80 81 6
416 970 9
452 627 4
853 971 4
879 880 7
228 919 10
176 729 10
264 576 4
314 693 9
351 352 3
262 503 4
663 847 1
383 384 1
38 795 6
74 452 9
126 642 7
561 570 7
160 226 8
170 914 5
81 82 7
607 915 6
373 519 10
321 329 1
469 981 8
912 913 1
68 637 2
417 791 10
904 909 8
384 385 8
279 857 2
416 417 5
315 514 6
664 668 4
716 858 9
91 806 5
114 115 6
526 734 10
125 390 7
223 925 6
658 853 7
945 946 3
85 991 9
23 113 3
33 801 8
470 802 3
417 418 3
520 919 7
468 729 7
449 450 4
332 868 3
280 678 10
996 997 7
767 796 4
147 148 7
579 745 7
178 401 8
899 915 8
978 979 7
274 863 4
711 864 7
450 451 9
76 124 5
86 812 4
573 930 6
172 586 7
120 396 7
521 740 10
80 997 10
18 119 9
419 463 5
231 412 3
229 339 2
327 874 3
483 484 7
762 802 1
41 288 4
137 750 10
181 182 7
173 407 5
574 751 4
785 971 2
35 473 8
384 627 4
516 517 8
282 350 4
378 812 9
326 622 9
727 966 6
214 215 6
190 761 1
138 571 4
819 820 7
625 689 1
224 345 8
0 637 2
36 294 6
437 638 7
549 550 3
132 756 2
247 514 8
335 361 7
21 22 6
343 976 10
30 479 9
379 633 1
431 823 2
780 977 4
852 853 7
155 925 9
241 699 9
277 356 1
678 700 4
53 648 6
582 583 5
139 422 2
87 232 4
185 767 4
488 576 10
54 55 5
620 695 2
47 833 4
396 987 2
885 886 3
432 644 5
831 915 9
430 571 9
294 710 5
583 584 8
242 520 2
643 864 2
615 616 4
104 586 7
87 88 8
140 243 5
150 931 3
541 587 8
236 705 3
673 706 7
918 919 7
12 997 7
48 654 10
351 463 3
447 925 5
483 582 9
884 926 8
616 617 1
259 874 8
648 649 9
88 89 2
345 648 8
120 121 6
157 597 4
105 407 4
193 254 7
201 869 10
289 716 6
638 870 1
3 130 4
13 818 5
649 650 5
63 935 1
99 592 8
151 782 2
500 936 5
536 593 4
121 122 2
153 154 8
398 659 10
346 469 7
747 813 6
700 701 9
442 931 2
254 880 8
741 998 3
340 654 3
682 683 8
689 808 1
116 946 7
54 68 3
152 603 9
154 155 9
501 757 2
551 874 8
553 947 9
363 823 5
985 986 3
733 734 2
399 480 2
397 407 6
495 942 9
209 356 1
715 716 6
305 818 10
742 819 3
187 188 2
169 957 2
117 767 10
604 885 3
203 541 6
15 490 5
51 147 7
101 264 3
49 74 3
111 952 2
548 953 5
358 829 6
220 221 3
845 947 5
657 896 4
256 552 7
204 362 7
605 706 9
66 428 8
164 963 5
599 891 8
198 547 7
253 254 3
411 840 4
10 496 8
461 957 6
409 767 7
221 716 8
257 373 10
556 557 8
307 490 2
255 300 4
119 439 2
67 249 5
286 287 1
215 901 1
27 850 4
25 777 6
61 434 3
462 778 3
589 590 4
176 192 7
272 654 6
308 311 5
360 501 9
287 288 10
84 603 3
319 320 6
170 377 4
268 912 6
703 840 2
78 788 7
622 623 3
114 445 1
463 599 7
515 789 3
513 716 3
320 321 10
325 665 2
352 353 8
223 388 4
171 198 3
319 850 9
267 660 3
131 799 6
79 609 6
566 727 5
165 383 9
353 354 5
514 537 5
385 386 2
376 603 3
932 933 9
73 794 8
188 552 5
320 671 4
96 963 7
34 85 3
386 387 1
182 737 9
130 547 2
218 394 2
531 891 7
619 738 9
314 856 9
429 614 8
28 270 3
38 958 9
689 690 6
437 438 8
126 805 1
561 733 4
373 682 10
423 799 6
419 420 1
371 609 4
772 953 5
235 748 8
183 558 2
670 676 2
269 332 1
722 723 5
482 625 5
81 281 3
29 91 9
91 969 5
177 743 5
526 897 2
452 453 4
388 963 5
773 774 1
424 620 3
23 276 1
825 964 4
200 912 1
286 686 6
234 496 8
755 756 5
635 840 4
767 959 1
46 445 1
132 219 10
142 907 9
579 908 3
665 682 9
806 807 8
4 973 6
40 630 4
76 287 7
389 784 6
441 974 3
475 558 9
477 631 8
876 902 8
788 789 5
251 850 8
287 507 7
339 697 9
688 851 4
383 969 10
820 970 5
185 230 2
195 918 5
839 840 6
281 692 5
630 846 6
57 984 7
93 641 8
41 451 4
492 912 5
821 822 2
528 569 1
127 225 1
304 861 4
739 789 4
338 445 6
436 980 5
871 908 7
150 394 3
23 24 9
246 856 2
683 857 7
110 995 4
48 117 3
854 855 3
58 805 9
545 923 10
144 579 2
92 389 10
493 733 8
326 327 6
792 800 3
52 990 5
391 456 2
24 25 2
487 918 6
56 57 10
201 332 2
299 867 10
786 985 9
385 641 3
13 281 9
333 451 4
734 795 5
598 934 6
359 360 10
109 743 4
145 400 10
197 590 4
546 744 6
906 907 7
57 58 3
7 466 6
43 123 7
89 90 2
444 467 10
540 929 8
139 585 4
636 637 1
254 343 10
350 805 10
386 462 1
787 806 6
162 754 4
939 940 8
248 528 9
90 91 6
196 338 3
597 682 5
60 477 2
8 287 1
669 670 6
156 939 9
104 749 8
539 677 5
141 142 6
403 816 4
2 472 4
351 626 8
752 970 7
972 973 6
123 124 2
213 692 5
249 349 9
650 693 10
345 811 6
460 569 6
59 225 6
426 427 7
174 175 7
157 760 7
644 878 5
243 534 2
592 688 9
19 826 8
55 483 8
368 980 6
456 827 7
156 157 1
454 754 5
151 945 10
266 703 8
302 360 10
352 477 4
398 822 8
459 460 8
112 236 3
260 888 8
208 698 1
645 699 1
72 837 9
189 190 8
20 647 7
510 511 9
70 764 6
106 421 4
54 231 10
455 575 2
507 765 4
856 919 4
317 641 3
492 493 10
14 832 7
363 986 9
449 760 6
798 914 9
163 174 3
261 709 2
222 223 10
660 980 10
543 544 9
123 775 8
71 585 7
107 242 6
472 929 10
508 586 5
558 703 10
525 526 3
370 652 9
318 462 7
414 924 2
502 771 10
851 925 4
226 873 2
576 577 8
364 837 5
312 647 8
713 991 8
88 939 3
124 596 8
558 559 2
611 714 3
210 370 9
158 180 9
22 319 10
118 781 3
467 935 1
365 658 4
714 812 8
764 929 3
141 950 9
576 878 4
175 534 2
63 64 2
708 997 6
73 257 4
21 67 1
83 945 4
518 873 1
330 822 5
817 940 9
416 596 9
228 545 8
176 355 3
643 644 6
314 319 3
38 421 7
74 78 4
126 268 1
136 956 1
134 883 2
170 540 9
373 374 8
222 730 2
571 884 8
870 951 9
469 607 2
68 263 8
676 677 10
279 483 7
812 946 10
91 432 10
406 407 3
187 894 6
223 551 5
624 895 5
130 131 9
622 822 6
85 617 1
33 427 4
434 771 6
709 710 5
520 545 2
332 494 7
280 304 9
428 956 3
376 766 2
142 370 1
163 164 10
188 715 9
240 905 5
675 833 9
274 489 2
742 743 10
50 781 10
86 438 4
485 709 8
172 212 8
182 900 8
297 658 3
724 725 1
44 966 9
80 623 10
383 432 10
196 197 9
429 777 1
481 967 10
291 843 8
327 500 2
775 776 3
728 844 6
103 792 8
247 248 9
189 566 1
137 376 3
235 911 6
757 758 6
538 720 4
1 515 10
670 839 9
229 230 1
97 977 6
35 99 9
45 787 3
436 443 8
482 788 5
480 715 2
532 905 2
808 809 10
344 854 9
292 664 8
779 782 1
280 281 1
378 438 6
154 730 4
190 387 3
591 731 1
589 658 7
286 849 5
262 263 8
401 607 8
0 263 5
98 798 9
841 842 1
533 726 6
395 792 10
343 602 6
30 105 6
431 449 9
207 741 4
155 551 9
295 296 6
642 669 9
241 325 4
339 860 9
842 843 5
774 788 5
53 274 3
874 875 6
149 736 1
586 737 7
584 664 6
448 803 2
47 459 7
396 613 6
797 957 7
875 876 6
294 336 2
390 798 8
739 952 7
347 348 4
104 212 8
202 747 3
637 675 4
236 331 5
77 78 3
413 967 1
12 623 1
48 280 9
848 895 3
447 551 1
908 909 3
259 500 1
380 381 3
355 962 3
792 963 9
157 223 2
167 911 6
253 685 2
110 111 1
201 495 6
289 342 5
602 839 4
65 634 9
13 444 3
941 942 7
901 906 9
63 561 6
99 218 9
151 408 6
500 562 5
413 414 1
408 973 4
7 629 3
494 747 7
442 557 9
843 901 8
143 144 4
306 696 1
254 506 9
655 850 4
705 967 2
974 975 8
116 572 3
152 229 3
446 447 3
553 573 5
248 691 1
14 295 1
24 983 6
60 640 3
363 449 8
459 911 2
495 568 8
896 912 9
271 860 5
758 978 10
357 634 1
305 444 8
706 788 8
479 480 5
169 583 10
117 393 8
461 462 6
77 994 6
15 116 5
75 921 7
111 578 8
460 732 7
512 922 9
548 579 8
226 336 4
322 798 9
512 513 6
358 455 4
410 645 4
759 799 7
220 521 1
494 495 8
753 984 6
32 470 3
352 640 7
128 932 9
164 589 1
563 860 10
545 546 4
26 655 8
375 809 4
411 466 5
17 18 3
461 583 10
70 927 9
273 532 10
221 342 7
848 849 4
369 994 5
317 804 5
181 943 3
546 547 3
129 753 3
578 579 6
179 870 10
215 527 5
564 681 8
616 871 4
27 476 4
426 747 4
25 403 9
123 938 6
881 882 8
238 696 1
558 866 2
272 280 6
370 815 3
579 580 3
857 933 10
611 612 9
84 229 7
232 881 3
180 691 1
268 538 2
617 692 6
667 809 10
669 882 3
479 758 8
914 915 4
78 414 3
611 877 2
612 613 3
473 943 10
421 753 4
84 85 8
285 892 6
233 702 6
915 916 10
720 820 8
319 476 6
947 948 2
267 286 1
131 425 3
79 235 6
227 887 5
645 646 3
39 836 8
117 118 4
89 953 1
37 763 6
73 420 8
474 764 9
823 918 1
948 949 4
980 981 3
336 830 2
284 640 1
685 984 3
96 589 9
678 679 7
182 363 6
130 173 6
150 151 1
627 979 1
715 826 6
80 86 7
38 584 5
981 982 3
90 774 2
126 431 9
439 928 2
525 702 4
527 775 5
577 892 6
301 994 6
337 651 4
711 712 4
423 425 4
235 374 6
183 184 3
331 836 7
680 990 8
45 250 3
91 595 2
165 166 5
143 785 5
578 713 4
177 369 9
744 745 10
789 933 7
388 589 4
216 217 3
200 538 9
286 312 10
198 199 2
731 928 6
98 261 8
46 71 4
745 746 3
194 723 5
142 533 6
543 877 1
629 651 2
6 672 10
842 944 7
249 250 6
4 599 7
40 256 1
389 410 4
441 600 4
251 476 3
435 785 10
383 595 9
778 779 4
784 939 2
159 887 4
195 544 2
281 318 9
282 283 3
57 610 1
93 267 3
492 538 4
189 729 3
304 487 7
585 586 2
1 678 10
811 812 4
400 949 7
436 606 8
837 950 2
283 284 2
212 898 9
315 316 8
298 672 6
246 482 3
647 826 7
110 621 8
58 431 8
545 549 5
144 205 8
154 893 8
618 619 3
589 821 10
16 959 9
52 616 2
316 317 4
401 770 7
453 960 6
487 544 2
263 836 5
299 493 4
700 837 3
698 764 1
395 955 4
651 652 10
510 713 6
109 369 7
197 216 8
207 904 5
205 831 8
293 678 6
642 832 3
349 350 2
69 970 1
7 92 3
17 780 4
504 898 10
540 555 9
139 211 7
316 847 1
652 653 8
402 621 9
11 965 5
684 685 1
350 431 7
448 966 9
751 775 8
883 894 8
162 380 6
382 383 6
258 842 2
695 843 6
122 981 4
60 103 6
693 770 8
120 908 6
156 565 8
104 375 1
505 719 7
557 909 8
685 686 4
717 718 9
367 785 1
64 976 1
2 98 7
403 442 10
499 904 10
415 416 10
614 662 2
213 318 4
311 853 9
746 781 7
173 919 4
121 729 9
718 719 8
157 386 10
608 847 8
556 657 6
420 796 8
19 452 9
55 109 8
368 606 8
448 449 5
115 914 10
552 915 6
266 329 7
362 791 5
751 752 1
174 740 6
661 858 1
260 514 5
208 324 4
609 668 9
481 482 2
72 463 6
20 273 6
70 390 7
168 925 6
603 853 5
784 785 1
415 802 2
14 458 6
129 216 7
482 483 6
225 678 1
261 335 5
662 679 1
123 401 6
71 211 2
472 555 9
785 786 7
817 818 5
31 812 1
380 966 8
466 740 5
515 516 8
414 550 9
278 689 10
226 499 1
364 463 3
19 20 2
818 819 6
88 565 1
124 222 4
850 851 6
220 684 6
322 323 1
32 633 10
548 549 6
82 750 8
118 407 4
467 561 8
519 751 6
20 21 8
868 905 7
52 53 10
329 627 6
26 818 5
851 852 1
883 884 4
141 576 5
461 746 5
273 695 2
355 356 8
672 966 10
135 761 3
53 54 1
83 571 2
484 915 9
570 689 8
884 885 2
382 638 7
330 448 4
916 917 6
426 910 9
388 389 7
192 514 1
238 859 9
288 976 1
324 633 7
725 977 10
86 87 10
100 925 6
38 47 6
136 582 6
535 853 9
917 918 5
134 509 10
222 356 4
949 950 4
623 700 2
347 802 10
389 390 4
667 972 6
433 576 5
421 422 10
42 920 2
479 921 8
245 525 8
565 695 2
119 120 3
341 987 5
377 644 4
726 798 9
778 988 2
776 915 6
950 951 4
239 710 8
187 520 8
588 864 3
422 423 1
51 659 1
720 983 5
454 455 7
486 587 9
85 243 7
33 53 10
95 931 6
530 859 6
152 153 10
394 998 7
342 808 7
983 984 8
829 926 1
428 582 4
204 874 4
455 456 7
240 531 5
639 802 9
336 993 5
451 751 2
50 407 9
148 942 7
185 186 9
146 869 5
583 870 5
445 936 3
44 592 8
80 249 3
488 489 9
393 746 3
481 593 10
257 885 6
882 937 3
692 813 4
291 469 10
186 187 8
218 219 9
824 932 10
103 418 9
189 192 10
199 880 9
636 881 9
686 998 8
634 808 5
1 141 3
521 522 9
498 947 7
9 756 9
45 413 3
97 603 7
446 757 3
219 220 3
745 824 5
344 480 1
440 942 2
154 356 3
252 891 4
522 523 6
250 818 10
554 555 10
286 475 10
687 819 3
62 767 3
98 424 5
252 253 10
497 695 10
309 644 8
56 952 8
4 762 2
395 418 2
555 556 10
207 367 6
155 177 6
587 588 7
205 294 3
251 639 1
303 829 7
339 486 8
59 60 1
652 983 9
285 286 7
738 757 3
740 830 5
113 705 2
149 362 6
890 891 4
550 706 7
11 428 3
588 589 3
47 85 3
57 773 7
620 621 6
544 891 3
492 701 1
258 305 4
92 93 2
304 650 8
356 840 8
390 424 1
923 924 6
166 716 3
202 373 6
601 644 4
621 622 1
64 439 4
653 654 9
12 249 8
110 784 2
413 593 6
160 901 2
108 711 8
125 126 1
545 712 3
944 983 1
311 316 10
407 778 3
956 957 8
355 588 3
756 932 4
219 727 3
167 537 6
654 655 4
217 654 8
253 311 8
686 687 2
29 603 8
65 260 2
13 70 2
158 159 3
464 531 7
63 187 6
161 722 10
510 876 10
598 723 6
276 480 9
989 990 6
596 650 4
648 840 9
23 788 8
372 942 5
408 599 2
687 688 7
719 720 7
270 665 6
306 322 4
159 160 2
402 784 7
517 542 10
990 991 10
116 198 8
214 733 6
649 661 8
76 799 1
24 609 1
425 953 1
720 721 2
511 727 6
459 537 4
860 881 7
192 193 8
323 676 1
271 486 1
18 794 5
367 948 8
802 876 8
169 209 7
265 671 5
614 825 1
753 754 6
41 963 6
77 620 5
476 891 1
75 547 10
225 226 10
111 204 1
512 548 10
723 768 3
322 424 9
420 959 3
506 733 3
855 887 10
230 835 8
786 787 1
717 953 7
226 227 4
32 96 4
258 259 1
529 902 10
128 558 7
164 215 2
26 281 2
36 969 10
375 435 10
471 897 9
70 553 10
283 846 10
259 260 10
333 963 7
291 292 9
369 620 5
317 430 6
718 774 7
770 964 8
181 569 7
129 379 6
179 496 9
712 959 1
820 821 2
27 102 1
87 907 4
25 29 4
123 564 10
292 293 10
524 908 4
238 322 1
324 325 10
386 974 5
334 784 2
370 441 5
771 785 9
821 902 9
22 23 7
232 507 8
627 628 5
180 317 7
853 854 4
581 661 1
765 970 4
325 326 2
42 383 9
88 728 5
357 358 2
140 918 2
575 846 10
387 795 9
55 56 7
874 913 2
473 569 10
660 661 3
886 887 3
285 518 9
233 328 7
381 980 4
358 359 7
390 391 10
95 394 7
141 739 4
193 929 6
191 856 6
227 513 8
576 667 10
628 857 8
3 805 5
39 462 4
693 694 7
89 579 7
37 389 7
438 733 4
391 392 5
336 456 4
423 424 10
148 405 10
96 215 2
970 971 5
244 867 8
192 677 1
679 795 8
54 743 5
90 400 3
439 554 3
491 744 1
424 425 10
301 620 7
433 739 10
727 728 1
245 688 8
295 805 3
331 462 10
732 806 6
107 754 5
143 411 9
457 458 4
542 682 4
239 873 9
354 631 3
51 822 2
674 801 3
101 939 8
49 749 4
760 761 3
486 750 4
348 816 2
296 626 8
697 970 5
490 491 1
595 693 7
194 349 7
142 159 10
639 965 9
6 298 1
793 794 1
4 225 1
102 760 4
451 914 8
537 688 3
313 980 4
523 524 3
349 637 8
748 908 1
560 857 7
159 513 8
826 827 4
255 975 8
692 976 8
57 236 4
67 924 10
153 698 1
189 355 7
590 699 4
366 991 4
1 304 4
28 29 3
452 765 9
400 575 4
801 919 9
176 867 2
212 524 6
859 860 7
308 986 4
745 987 6
743 914 6
557 558 2
110 247 5
108 174 1
154 519 4
29 30 10
206 709 7
555 863 7
61 62 6
417 929 10
16 585 9
52 242 10
453 586 5
892 893 8
852 857 6
664 806 7
263 462 7
361 997 10
590 591 2
359 924 9
796 925 4
62 63 5
161 185 9
171 873 10
94 95 5
207 530 3
658 991 10
606 801 6
205 457 8
293 304 9
470 940 5
69 596 6
17 406 3
418 750 1
504 524 3
397 398 8
623 624 3
316 473 10
412 935 8
95 96 6
11 591 5
849 936 3
127 128 4
847 863 5
310 658 1
258 468 2
659 812 9
34 760 4
122 607 10
430 431 6
120 534 9
156 191 8
977 978 5
653 997 3
128 129 10
28 945 3
160 161 9
64 602 6
367 411 5
465 946 4
959 960 7
707 708 10
499 530 3
275 822 5
311 479 2
710 750 2
173 545 5
121 355 3
522 699 10
161 162 3
217 817 4
81 956 7
19 78 3
992 993 10
29 766 9
420 422 6
516 884 4
115 540 5
464 694 4
464 465 4
328 833 7
276 643 1
326 760 10
23 951 3
362 417 9
138 709 10
194 195 2
174 366 3
270 828 5
757 946 7
705 756 9
72 89 10
132 894 5
497 498 9
168 551 10
517 705 6
569 895 10
30 617 5
76 962 4
14 84 9
227 228 7
379 771 9
415 428 4
511 890 7
626 648 7
225 304 8
323 839 2
758 767 1
530 531 4
185 905 1
133 715 2
620 833 7
568 643 10
969 987 6
260 261 7
432 782 9
31 438 3
380 592 8
430 709 6
127 900 8
242 658 9
278 315 7
911 982 4
563 564 6
374 777 4
723 931 10
88 191 4
186 726 2
261 262 7
236 843 1
184 653 1
293 294 7
585 997 3
621 654 7
673 844 4
48 792 8
32 259 3
483 720 6
82 376 2
615 839 6
596 597 1
964 993 1
427 788 5
294 295 3
141 202 3
289 854 2
237 664 8
724 782 8
13 956 2
536 731 10
135 387 4
83 197 1
629 630 2
484 541 4
43 798 8
327 328 5
392 952 9
478 726 8
827 880 6
290 675 10
689 946 10
288 602 2
501 895 6
100 551 3
136 208 5
134 135 5
360 361 9
719 788 6
8 962 5
681 682 2
347 428 3
94 736 10
42 546 1
443 890 3
880 891 4
663 664 3
411 412 5
742 957 3
341 613 2
239 336 1
714 715 3
684 952 10
51 285 10
59 900 10
95 557 7
147 747 7
496 901 5
696 697 4
582 675 10
394 624 5
342 434 1
89 742 7
747 748 7
204 500 9
300 962 5
336 619 9
737 963 10
112 911 3
729 730 2
148 568 10
198 685 9
146 495 10
547 839 9
201 202 3
10 634 5
445 562 9
44 218 6
780 781 7
54 906 7
257 511 2
577 681 6
255 438 5
301 783 9
353 973 2
762 763 7
790 974 3
788 901 1
234 235 7
163 849 7
199 506 5
600 850 7
813 814 3
61 572 10
9 382 4
97 229 1
107 917 4
498 573 8
542 845 7
795 796 2
308 449 7
5 640 8
354 794 4
406 984 4
404 911 9
267 268 5
440 568 10
841 912 8
216 860 6
252 517 7
651 788 3
250 444 8
114 583 9
62 393 1
463 737 7
158 855 4
828 829 9
595 856 8
22 994 1
361 460 3
300 301 3
457 922 2
56 578 2
405 732 6
267 798 5
30 31 1
303 455 3
704 799 3
79 747 2
514 675 7
113 331 4
211 866 6
333 334 5
646 794 6
73 932 9
880 881 3
11 54 4
21 742 1
31 32 3
458 743 7
320 809 9
356 466 6
452 928 10
567 686 3
166 342 5
264 877 1
314 994 1
262 804 2
699 805 1
913 914 6
126 943 4
64 65 10
74 753 1
561 871 7
160 527 3
108 337 7
509 681 3
373 820 9
321 630 9
68 938 9
219 353 6
946 947 7
217 280 9
315 815 1
97 98 10
664 969 1
418 419 6
29 229 5
125 691 6
161 348 5
562 692 8
961 963 10
400 401 6
148 149 7
773 912 7
23 414 9
372 568 5
979 980 5
270 291 8
280 979 5
451 452 4
402 410 5
178 702 5
214 359 5
433 434 8
613 630 10
76 425 6
24 235 4
425 579 8
172 887 10
120 697 10
484 485 7
956 969 5
419 764 10
18 420 9
367 574 6
768 918 9
466 467 7
231 713 8
229 640 8
265 297 4
41 589 6
77 246 10
127 363 1
517 518 9
75 173 2
173 708 6
476 517 7
608 636 7
35 774 10
384 928 7
499 500 7
420 585 10
819 856 9
282 651 10
230 461 6
631 805 3
802 803 4
550 551 2
92 527 2
128 184 4
138 872 8
625 990 10
224 646 5
532 533 6
0 938 8
36 595 7
437 939 7
523 713 3
4 5 1
471 523 10
247 815 1
283 472 5
335 662 10
333 589 9
30 780 5
145 538 8
181 195 8
565 566 3
277 657 10
626 811 9
53 949 10
392 415 6
37 38 2
139 723 10
87 533 4
488 877 7
524 534 2
386 600 8
334 410 10
735 754 9
430 872 6
919 920 1
242 821 10
70 71 6
729 939 2
677 749 9
617 618 5
104 887 5
140 544 7
489 698 9
541 888 8
539 815 8
351 764 7
48 955 6
387 421 5
483 883 8
952 953 9
345 949 10
381 606 7
650 651 8
730 760 5
782 950 8
157 898 8
105 708 8
193 555 6
592 826 3
191 482 3
724 945 7
3 431 4
39 88 5
89 205 10
99 893 3
536 894 10
683 684 8
398 960 3
346 770 3
833 888 7
155 156 6
645 837 6
244 493 4
192 303 7
986 987 1
593 647 8
340 955 9
137 138 5
54 369 8
152 904 6
716 717 9
587 832 1
936 986 3
14 970 8
399 781 5
188 189 9
449 898 10
397 708 3
886 899 1
209 657 4
245 314 9
170 171 3
295 431 5
828 894 2
107 380 7
749 750 9
203 842 1
239 499 9
640 843 9
221 222 5
5 103 2
15 791 3
51 448 6
502 909 7
101 565 2
49 375 7
450 719 3
203 204 5
348 442 6
782 783 4
254 255 10
158 318 6
256 853 6
691 781 7
66 729 9
236 237 10
102 386 7
451 540 6
503 730 10
714 950 3
815 816 5
313 606 4
539 540 6
269 270 4
816 817 5
849 850 2
321 322 8
51 52 1
656 657 5
882 883 2
354 355 3
387 388 9
420 421 4
723 724 1
453 454 6
435 436 5
756 757 10
486 487 9
789 790 1
519 520 6
822 823 2
552 553 9
823 824 10
855 856 7
553 554 2
856 857 4
888 889 3
586 587 8
58 59 8
889 890 9
921 922 9
393 394 9
619 620 10
91 92 7
922 923 8
954 955 10
124 125 7
955 956 1
987 988 1
157 158 1
988 989 7
139 140 9
460 461 1
190 191 5
172 173 10
493 494 10
223 224 6
526 527 4
256 257 10
559 560 7
257 258 5
289 290 3
560 561 4
592 593 3
290 291 4
593 594 2
625 626 8
323 324 1
626 627 4
658 659 9
356 357 5
961 962 4
659 660 4
691 692 3
994 995 8
692 693 7
725 726 7
758 759 7
230 231 9
456 457 7
759 760 3
791 792 5
263 264 6
792 793 6
824 825 10
296 297 9
26 27 1
825 826 8
857 858 5
297 298 7
329 330 1
27 28 10
858 859 2
330 331 9
362 363 4
60 61 2
891 892 8
363 364 10
395 396 8
93 94 5
698 699 9
924 925 4
396 397 4
428 429 4
126 127 4
731 732 1
957 958 2
429 430 6
764 765 1
462 463 1
495 496 5
193 194 10
798 799 7
496 497 4
528 529 5
0 1 3
831 832 5
529 530 6
561 562 6
33 34 8
864 865 6
562 563 5
594 595 7
34 35 9
66 67 2
897 898 9
595 596 4
67 68 7
99 100 2
898 899 7
930 931 3
628 629 5
100 101 6
132 133 7
931 932 4
963 964 6
661 662 4
133 134 8
964 965 2
468 469 10
694 695 7
166 167 8
997 998 6
199 200 5
232 233 9
535 536 2
233 234 8
265 266 6
568 569 5
266 267 8
298 299 1
601 602 4
299 300 8
331 332 9
602 603 4
634 635 3
332 333 1
364 365 2
635 636 2
667 668 9
365 366 3
668 669 9
398 399 2
701 702 1
205 206 10
431 432 6
752 753 5
734 735 3
767 768 10
800 801 5
272 273 3
2 3 1
833 834 7
305 306 3
3 4 7
35 36 8
866 867 10
338 339 6
36 37 6
68 69 4
899 900 10
371 372 7
69 70 2
101 102 4
372 373 4
404 405 3
951 952 4
102 103 2
933 934 10
405 406 8
984 985 1
135 136 8
966 967 10
438 439 7
168 169 9
489 490 9
471 472 2
504 505 1
537 538 2
9 10 7
840 841 4
570 571 10
42 43 10
268 269 4
873 874 8
603 604 8
75 76 7
108 109 7
655 656 10
637 638 7
109 110 1
688 689 7
670 671 5
142 143 10
721 722 1
703 704 10
175 176 4
754 755 8
736 737 5
208 209 2
787 788 3
241 242 8
274 275 9
307 308 6
5 6 3
610 611 8
340 341 10
887 888 7
920 921 10
392 393 2
374 375 7
122 123 6
953 954 4
425 426 3
407 408 4
458 459 4
440 441 8
491 492 5
473 474 8
794 795 9
776 777 8
524 525 4
506 507 3
827 828 4
809 810 7
860 861 8
11 12 8
893 894 1
44 45 9
591 592 10
894 895 4
926 927 5
624 625 4
96 97 10
927 928 2
657 658 3
129 130 7
960 961 8
111 112 6
690 691 9
162 163 10
993 994 3
144 145 5
195 196 7
177 178 3
228 229 10
210 211 2
531 532 3
513 514 6
243 244 2
564 565 10
790 791 5
597 598 8
630 631 10
328 329 2
631 632 9
361 362 9
664 665 3
394 395 2
697 698 8
427 428 10
730 731 6
763 764 5
217 218 8
796 797 10
250 251 1
797 798 7
829 830 1
301 302 3
527 528 1
830 831 6
862 863 5
334 335 5
32 33 2
863 864 10
895 896 6
367 368 3
65 66 8
896 897 5
928 929 9
368 369 4
98 99 7
929 930 4
401 402 6
131 132 5
962 963 5
434 435 8
164 165 4
769 770 8
995 996 6
467 468 1
197 198 10
500 501 7
501 502 3
533 534 8
231 232 8
534 535 10
566 567 4
38 39 3
264 265 8
869 870 2
567 568 6
599 600 5
71 72 5
902 903 1
600 601 3
632 633 3
104 105 5
935 936 8
633 634 10
665 666 6
105 106 2
936 937 6
968 969 2
666 667 2
138 139 1
969 970 2
699 700 1
171 172 1
732 733 2
204 205 7
765 766 9
237 238 2
766 767 6
238 239 6
270 271 8
799 800 4
271 272 2
303 304 4
1 2 2
606 607 10
832 833 7
304 305 8
336 337 5
639 640 10
337 338 8
369 370 5
672 673 6
370 371 9
402 403 3
705 706 6
403 404 4
706 707 7
738 739 1
436 437 4
739 740 9
469 470 2
772 773 9
470 471 10
502 503 6
805 806 4
503 504 1
7 8 8
 
